[Paper0]
Name=mine
DisplayName=mine
Width=215.89999389648438
Height=279.39999389648438
MarginTop=0
MarginBottom=0
MarginLeft=0
MarginRight=0
Orientation=portrait
